((("Comparison" .
   [0 0 0 0 0 1 0 0 0 0])
  ("amp-es" .
   [1 0 0 0 0 0])
  ("amp-ma" .
   [1 0 0 0 0 0])
  ("details" .
   [1 0 0 0 0 0 0])
  ("detail" .
   [0 0 0 0 1 0])
  ("introduce" .
   [0 0 0 0 0 0 0 1 0])
  ("zE" .
   [1 0])
  ("Ez" .
   [1 0])
  ("freq" .
   [1 0 0 0])
  ("q" .
   [1])
  ("II" .
   [2 0])
  ("midrule" .
   [0 0 0 0 1 0 0])
  ("multirow" .
   [0 0 0 0 0 0 1 0])
  ("multicolumn" .
   [0 0 0 0 0 0 1 0 0 0 0])
  ("hiz=" .
   [1 0 0 0])
  ("periods" .
   [1 0 0 0 0 0 0])
  ("period" .
   [1 0 0 0 0 0])
  ("Smoothing" .
   [0 0 0 1 0 0 0 0 0])
  ("Exponential" .
   [0 0 0 0 2 0 0 0 0 0 0])
  ("Case" .
   [3 0 0 0])
  ("Moving" .
   [1 0 0 0 1 0])
  ("+C" .
   [1 0])
  ("|U" .
   [1 0])
  ("sinusoids" .
   [1 0 0 0 0 0 0 0 0])
  ("omega=0" .
   [1 0 0 0 0 0 0])
  ("smoothing" .
   [0 0 0 0 2 0 0 0 0])
  ("moving" .
   [2 0 0 0 0 0])
  ("forecasted" .
   [1 0 0 0 0 0 0 0 0 0])
  ("order-up-to" .
   [0 0 0 0 0 0 0 2 0 0 0])
  ("Experiments" .
   [0 0 0 0 0 0 0 1 0 0 0])
  ("conduct" .
   [1 0 0 0 0 0 0])
  ("subsection" .
   [1 0 0 0 0 0 0 0 0 0])
  ("amplitudes" .
   [2 0 0 0 0 0 0 0 0 0])
  ("decrease" .
   [1 0 0 0 0 0 0 0])
  ("growth" .
   [1 0 0 0 0 0])
  ("exponentially" .
   [1 0 0 0 0 0 0 0 0 0 0 0 0])
  ("exponential" .
   [0 0 0 0 1 0 0 1 0 0 0])
  ("grow" .
   [2 0 0 0])
  ("truncated" .
   [0 0 0 0 0 0 1 0 0])
  ("simulations" .
   [1 0 0 0 0 0 0 0 0 0 0])
  ("predictions" .
   [1 0 0 0 0 0 0 0 0 0 0])
  ("propagation" .
   [0 0 0 0 0 0 0 1 0 0 0])
  ("analytical" .
   [1 0 0 0 0 0 0 0 0 0])
  ("example" .
   [1 0 0 0 0 0 0])
  ("well-known" .
   [0 0 0 0 0 0 0 1 0 0])
  ("modeling" .
   [1 0 0 0 0 0 0 0])
  ("Example" .
   [0 0 0 0 2 0 0])
  ("Numerical" .
   [0 0 0 0 0 1 0 0 0])
  ("LR" .
   [1 0])
  ("they" .
   [1 0 0 0])
  ("forecasting" .
   [3 0 0 0 0 0 0 0 0 0 0])
  ("forecast" .
   [0 0 0 0 0 0 4 0])
  ("equilibrium" .
   [0 0 0 0 0 0 1 0 0 0 0])
  ("observed" .
   [2 0 0 0 0 0 0 0])
  ("empirical" .
   [0 0 0 0 1 0 0 0 0])
  ("bounded" .
   [1 0 0 0 0 0 0])
  ("fluctuations" .
   [3 0 0 0 0 0 0 0 0 0 0 0])
  ("fluctuation" .
   [0 0 0 0 1 0 3 0 0 0 0])
  ("RN" .
   [1 0])
  ("RL" .
   [1 0])
  ("discrete" .
   [2 0 0 0 0 0 0 0])
  ("amplitude" .
   [1 0 0 0 0 2 0 1 0])
  ("parts" .
   [1 0 0 0 0])
  ("dominated" .
   [1 0 0 0 0 0 0 0 0])
  ("should" .
   [1 0 0 0 0 0])
  ("therefore" .
   [0 0 0 0 0 0 1 0 0])
  ("approximated" .
   [0 0 0 0 0 0 0 1 0 0 0 0])
  ("input" .
   [1 0 0 0 0])
  ("customer" .
   [1 0 0 0 0 1 0 0])
  ("outfile" .
   [0 0 0 0 0 1 0])
  ("import" .
   [0 0 0 0 1 0])
  ("infile" .
   [0 0 0 1 0 0])
  ("car" .
   [1 0 0])
  ("characteristics" .
   [1 0 0 0 0 0 0 0 0 0 0 0 0 0 0])
  ("quantify" .
   [2 0 0 0 0 0 0 0])
  ("propose" .
   [1 0 0 0 0 0 0])
  ("part" .
   [2 0 0 0])
  ("literature" .
   [0 0 0 0 0 1 0 0 0 0])
  ("them" .
   [1 0 0 0])
  ("metric" .
   [1 0 0 0 0 0])
  ("describing-function-based" .
   [0 0 0 0 0 0 0 0 0 0 2 0 0 0 0 0 0 0 0 0 0 0 0 0 0])
  ("interpolation" .
   [0 0 0 0 0 0 0 0 0 1 0 0 0])
  ("do" .
   [1 0])
  ("orders" .
   [1 0 0 0 0 0])
  ("finally" .
   [1 0 0 0 0 0 0])
  ("directly" .
   [1 0 0 0 0 0 0 0])
  ("periodical" .
   [0 0 0 0 0 1 0 0 0 0])
  ("stages" .
   [2 0 0 0 0 0])
  ("final" .
   [1 0 0 0 0])
  ("bound" .
   [1 0 0 0 0])
  ("good" .
   [1 0 0 0])
  ("component" .
   [1 0 0 0 0 0 0 0 0])
  ("simplified" .
   [1 0 0 0 0 0 0 0 0 0])
  ("claim" .
   [1 0 0 0 0])
  ("removing" .
   [1 0 0 0 0 0 0 0])
  ("stage" .
   [1 0 0 0 0])
  ("across" .
   [1 0 0 0 0 0])
  ("Claim" .
   [1 0 0 0 0])
  ("bias" .
   [2 0 0 0])
  ("added" .
   [2 0 0 0 0])
  ("sinusoid" .
   [2 0 0 0 1 0 0 0])
  ("single" .
   [1 0 0 0 0 0])
  ("approximately" .
   [0 0 0 0 0 0 0 1 0 0 0 0 0])
  ("describe" .
   [0 0 0 0 2 0 0 0])
  ("satisfies" .
   [2 0 0 0 0 0 0 0 0])
  ("filter" .
   [1 0 0 0 0 0])
  ("pass" .
   [3 0 0 0])
  ("linear" .
   [4 0 0 0 0 0])
  ("indicates" .
   [1 0 0 0 0 0 0 0 0])
  ("indicate" .
   [0 0 0 0 0 0 1 0])
  ("integrator" .
   [2 0 0 0 0 0 0 0 0 0])
  ("existence" .
   [0 0 0 0 1 0 0 1 0])
  ("exist" .
   [0 0 0 0 1])
  ("integrated" .
   [1 0 0 0 0 0 0 0 0 0])
  ("diagram" .
   [1 0 0 0 0 0 0])
  ("block" .
   [1 0 0 0 0])
  ("new" .
   [1 0 0])
  ("describing" .
   [3 0 0 0 0 0 0 0 0 0])
  ("sl" .
   [3 0])
  ("natbib" .
   [1 0 0 0 0 0])
  ("style=algori" .
   [0 0 0 1 0 0 0 0 0 0 0 0])
  ("t+B" .
   [1 0 0])
  ("dividing" .
   [0 0 0 0 0 1 0 0])
  ("inequality" .
   [0 0 0 1 0 0 0 0 0 0])
  ("EY" .
   [1 0])
  ("iid" .
   [1 0 0])
  ("replaced" .
   [0 0 0 0 0 1 0 0])
  ("been" .
   [3 0 0 0])
  ("bulb" .
   [0 0 0 1])
  ("light" .
   [0 0 0 0 1])
  ("t=" .
   [1 0])
  ("n=X" .
   [1 0 0])
  ("n/EX" .
   [1 0 0 0])
  ("leqno" .
   [0 0 0 1 0])
  ("liminf" .
   [1 0 0 0 0 0])
  ("summable" .
   [0 0 0 0 1 0 0 0])
  ("note" .
   [3 0 0 0])
  ("break" .
   [1 0 0 0 0])
  ("direction" .
   [1 0 0 0 0 0 0 0 0])
  ("check" .
   [1 0 0 0 0])
  ("Second" .
   [0 0 0 0 0 1])
  ("limsup" .
   [0 0 0 0 0 1])
  ("Borel-Cantelli" .
   [0 0 0 1 1 1 0 0 0 0 0 0 0 0])
  ("+1" .
   [5 0])
  ("arbitrarily" .
   [0 0 0 0 1 0 0 0 0 0 0])
  ("io" .
   [2 0])
  ("ET" .
   [6 0])
  ("k|>" .
   [1 0 0])
  ("lemma" .
   [1 0 0 2 0])
  ("k-ET" .
   [2 0 0 0])
  ("k=1" .
   [1 0 0])
  ("1/" .
   [2 0])
  ("increasing" .
   [0 0 0 0 0 1 0 0 0 0])
  ("EX" .
   [11 0])
  ("subsequence" .
   [0 0 0 0 0 0 2 0 0 0 0])
  ("take" .
   [1 0 0 0])
  ("last" .
   [1 0 0 0])
  ("minimum" .
   [1 0 0 0 0 0 0])
  ("out" .
   [1 0 0])
  ("most" .
   [1 0 0 0])
  ("connect" .
   [1 0 0 0 0 0 0])
  ("pm" .
   [5 0])
  ("dy" .
   [3 0])
  ("implying" .
   [2 0 0 0 0 0 0 0])
  ("ceil" .
   [1 0 1 0])
  ("1+2+" .
   [1 0 0 0])
  ("implies" .
   [1 0 0 0 3 1 0])
  ("side" .
   [1 0 0 0])
  ("top" .
   [1 0 0])
  ("must" .
   [1 0 0 0])
  ("consider" .
   [2 0 0 0 0 0 0 0])
  ("obvious" .
   [0 0 0 0 1 0 0])
  ("prove" .
   [6 0 0 0 0])
  ("exactly" .
   [1 0 0 0 0 0 0])
  ("BFS" .
   [1 0 0])
  ("implementing" .
   [1 0 0 0 0 0 0 0 0 0 0 0])
  ("textit" .
   [1 0 0 0 0 0])
  ("dummy" .
   [1 0 0 0 0])
  ("add" .
   [1 0 0])
  ("node" .
   [3 0 0 0])
  ("represents" .
   [0 0 0 0 0 1 1 0 0 0])
  ("source" .
   [2 0 0 0 0 0])
  ("vertex" .
   [2 0 0 0 0 0])
  ("Add" .
   [1 0 0])
  ("legal" .
   [2 0 0 0 0])
  ("edges" .
   [7 0 0 0 0])
  ("include" .
   [1 0 0 0 0 0 0])
  ("found" .
   [1 0 0 0 0])
  ("steps" .
   [2 0 0 0 0])
  ("whose" .
   [2 0 0 0 0])
  ("graph" .
   [1 0 0 0 0])
  ("directed" .
   [0 0 0 0 1 1 0 0])
  ("computed" .
   [1 0 0 0 0 0 0 0])
  ("With" .
   [1 0 0 0])
  ("track" .
   [1 0 0 0 0])
  ("mean" .
   [3 0 0 0])
  ("array" .
   [1 0 0 0 0])
  ("Suppose" .
   [0 0 0 0 0 3 0])
  ("whether" .
   [2 0 0 0 0 0 0])
  ("Racetrack" .
   [0 0 0 0 0 1 0 0 0])
  ("First" .
   [0 0 0 1 0])
  ("Pseudo-code" .
   [0 0 2 0 0 0 0 0 0 0 0])
  ("Design" .
   [0 0 0 0 1 0])
  ("STATE" .
   [1 0 1 0 0])
  ("false" .
   [1 0 0 0 0])
  ("FALSE" .
   [1 0 0 0 0])
  ("TRUE" .
   [1 0 0 0])
  ("return" .
   [1 0 0 0 0 0])
  ("RETURN" .
   [0 0 1 0 1 0])
  ("caption" .
   [1 0 0 0 0 1 0])
  ("algorithm" .
   [1 0 0 0 0 0 0 0 0])
  ("xspace" .
   [2 0 0 0 0 2])
  ("xspae" .
   [0 0 3 0 0])
  ("DFS" .
   [2 0 1])
  ("75" .
   [4 0])
  ("thepage/" .
   [1 0 0 0 0 0 0 0])
  ("setup" .
   [1 0 0 0 0])
  ("vfill" .
   [1 0 0 0 0])
  ("newpage" .
   [1 0 0 0 1 2 0])
  ("newcommand" .
   [0 0 0 0 1 0 1 0 0 0])
  ("similarly" .
   [1 0 0 0 0 0 0 0 0])
  ("=5" .
   [1 0])
  ("1-0" .
   [2 0 0])
  ("alignat" .
   [2 0 0 0 0 0 0])
  ("2-4x" .
   [1 0 0 0])
  ("8x" .
   [1 0])
  ("Compute" .
   [1 0 0 0 0 0 0])
  ("/2" .
   [1 0])
  ("Essay" .
   [0 0 1 0 0])
  ("New" .
   [1 0 2])
  ("Ligatures=TeX" .
   [1 0 0 0 0 0 0 0 0 0 0 0 0])
  ("UI" .
   [1 0])
  ("Segoe" .
   [1 0 0 0 0])
  ("Ligatures=Historic" .
   [0 0 0 1 0 0 0 0 0 0 0 0 0 0 0 0 0 0])
  ("Mapping=tex-text" .
   [1 0 0 0 0 0 0 0 0 0 0 0 0 0 0 0])
  ("56" .
   [1 0])
  ("mode" .
   [1 0 0 0])
  ("Matlab" .
   [1 0 0 0 0 0])
  ("19" .
   [1 0])
  ("3pt" .
   [1 0 0])
  ("Parameters" .
   [1 0 0 0 0 0 0 0 0 0])
  ("nutrients" .
   [1 0 0 0 0 0 0 0 0])
  ("nutrient" .
   [1 0 0 0 0 0 0 0])
  ("containing" .
   [1 0 0 0 0 0 0 0 0 0])
  ("prices" .
   [1 0 0 0 0 0])
  ("collect" .
   [1 0 0 0 0 0 0])
  ("website" .
   [1 0 0 0 0 0 0])
  ("Department" .
   [0 0 0 0 0 1 0 0 0 0])
  ("United" .
   [1 0 0 0 0 0])
  ("large" .
   [2 0 0 0 0])
  ("footnotesize" .
   [0 0 0 0 1 2 1 0 1 1 0 0])
  ("5pt" .
   [2 0 0])
  ("-1em" .
   [1 0 0 0])
  ("vspace" .
   [0 0 0 1 1 0])
  ("VSPC" .
   [0 0 0 1])
  ("calc" .
   [1 0 0 0])
  ("RequirePackage" .
   [0 0 0 0 0 0 0 0 1 0 0 0 0 0])
  ("Required" .
   [0 0 0 1 0 0 0 0])
  ("raggedleft" .
   [0 0 0 0 1 0 0 0 0 0])
  ("13" .
   [6 0])
  ("=G" .
   [1 0])
  ("rewrite" .
   [1 0 0 0 0 0 0])
  ("policy" .
   [2 0 0 0 0 0])
  ("decided" .
   [1 0 0 0 0 0 0])
  ("ordering" .
   [3 0 0 1 0 0 0 0])
  ("quantity" .
   [0 0 0 0 1 0 0 0])
  ("position" .
   [1 0 0 0 3 3 0 0])
  ("inventory" .
   [0 0 0 0 0 0 0 2 0])
  ("t-1" .
   [1 0 0])
  ("=F" .
   [1 0])
  ("=y" .
   [2 0])
  ("-u" .
   [2 0])
  ("+u" .
   [3 0])
  ("t+1" .
   [8 0 0])
  ("integrate" .
   [1 0 0 0 0 0 0 0 0])
  ("steady" .
   [2 0 0 0 0 0])
  ("deviations" .
   [1 0 0 0 0 1 0 0 0 0])
  ("expressed" .
   [1 0 0 0 0 0 0 0 0])
  ("conservation" .
   [0 0 0 0 0 0 0 0 1 0 0 0])
  ("together" .
   [0 0 0 0 1 0 0 0])
  ("policies" .
   [1 0 0 0 0 3 1 0])
  ("Formulation" .
   [0 0 0 0 0 1 0 0 0 0 0])
  ("Effect" .
   [0 0 0 4 0 0])
  ("Bullwhip" .
   [1 0 0 0 0 1 0 0])
  ("Analysis" .
   [1 0 0 1 0 0 0 0])
  ("Analyst" .
   [0 0 0 0 1 0 0])
  ("3y" .
   [1 0])
  ("ln" .
   [3 0])
  ("2<0" .
   [1 0 0])
  ("/4" .
   [1 0])
  ("-3/2" .
   [1 0 0 0])
  ("=-x" .
   [1 0 0])
  ("concave" .
   [2 0 0 0 0 1 0])
  ("otherwise" .
   [1 0 0 0 0 0 0 0 0])
  ("subfig" .
   [0 0 0 0 3 0])
  ("achieve" .
   [1 0 0 0 0 0 0])
  ("those" .
   [2 0 0 0 0])
  ("000" .
   [2 0 0])
  ("indicating" .
   [1 0 0 0 0 0 0 0 0 0])
  ("costs" .
   [1 0 0 0 0])
  ("around" .
   [1 0 0 0 0 0])
  ("other" .
   [3 0 0 0 0])
  ("closed" .
   [1 0 0 0 0 0])
  ("solutions" .
   [1 0 0 0 0 0 0 0 0])
  ("5008" .
   [1 0 0 0])
  ("6890" .
   [1 0 0 0])
  ("ct" .
   [1 0])
  ("table" .
   [7 0 0 0 0])
  ("atop" .
   [1 0 0 0])
  ("calculating" .
   [1 0 0 0 0 0 0 0 0 0 0])
  ("determined" .
   [3 0 0 0 0 0 0 0 0 0])
  ("tref" .
   [4 0 0 0])
  ("hed" .
   [3 0 0])
  ("textwidth" .
   [0 0 0 5 1 1 1 0 0])
  ("hspace" .
   [0 0 1 2 1 0])
  ("-3pt" .
   [15 0 0 0])
  ("makecell" .
   [0 0 0 0 3 7 0 0])
  ("4671" .
   [1 0 0 0])
  ("835" .
   [1 0 0])
  ("2172" .
   [1 0 0 0])
  ("lll" .
   [1 0 0])
  ("0906" .
   [1 0 0 0])
  ("Cost" .
   [1 0 0 0])
  ("hline" .
   [1 0 1 0 0])
  ("bf" .
   [1 0])
  ("28" .
   [3 0])
  ("45" .
   [1 0])
  ("22" .
   [2 0])
  ("5ex" .
   [1 0 0])
  ("1em" .
   [5 0 0])
  ("kern" .
   [3 0 0 0])
  ("18" .
   [2 0])
  ("15" .
   [1 0])
  ("10pt" .
   [1 0 0 0])
  ("selectfont" .
   [1 0 0 0 0 0 0 0 0 0])
  ("fontsize" .
   [1 0 0 0 0 0 0 0])
  ("small" .
   [6 0 0 0 0])
  ("TeX" .
   [1 0 0])
  ("LaTeX" .
   [0 0 0 1 0])
  ("Lab" .
   [0 0 1])
  ("lipsum" .
   [0 0 0 1 0 0])
  ("draftwatermark" .
   [0 0 0 1 3 0 0 0 0 0 0 0 0 0])
  ("article" .
   [0 0 0 1 0 0 0])
  ("developed" .
   [1 0 0 0 0 0 0 0 0])
  ("=2A" .
   [1 0 0])
  ("=A" .
   [7 0])
  ("Theorem" .
   [2 0 0 0 0 1 0])
  ("lambda-1" .
   [2 0 0 0 0 0 0 0])
  ("lambda-6" .
   [1 0 0 0 0 0 0 0])
  ("I-A" .
   [7 0 0])
  ("r" .
   [5])
  ("2" .
   [3])
  ("1/6" .
   [2 0 0])
  ("B=M" .
   [1 0 0])
  ("mid" .
   [2 0 0])
  ("letting" .
   [3 0 0 0 0 0 0])
  ("Considering" .
   [1 0 0 0 0 0 0 0 0 0 0])
  ("easy" .
   [2 0 0 0])
  ("It's" .
   [1 0 0 0])
  ("normal" .
   [2 0 0 0 0 0])
  ("norm" .
   [0 0 0 1])
  ("write" .
   [1 0 0 0 0])
  ("geometic" .
   [0 0 0 0 0 1 0 0])
  ("algebratic" .
   [0 0 0 0 1 0 0 0 0 0])
  ("more" .
   [1 0 0 0])
  ("2=1" .
   [2 0 0])
  ("1=0" .
   [2 0 0])
  ("four" .
   [1 0 0 0])
  ("conclusion" .
   [1 0 0 0 0 0 0 0 0 0])
  ("exists" .
   [1 0 0 0 0 0])
  ("complex" .
   [3 0 0 0 0 0 0])
  ("Jordan" .
   [1 0 0 0 0 1])
  ("Leftrightarrow" .
   [0 0 0 0 1 0 0 0 0 0 0 0 0 0])
  ("2=2" .
   [1 0 0])
  ("1=1" .
   [1 0 0])
  ("lambda-2" .
   [4 0 0 0 0 0 0 0])
  ("polynomial" .
   [1 0 0 4 2 1 0 0 0 0])
  ("characteristic" .
   [0 0 1 1 4 2 0 0 0 0 0 0 0 0])
  ("similar" .
   [2 0 0 0 1 0 1])
  ("diagonalized" .
   [0 0 0 0 1 1 0 0 0 0 0 0])
  ("multiplicity" .
   [0 0 0 0 0 0 0 1 1 1 0 0])
  ("so" .
   [12 0])
  ("zero" .
   [3 0 0 0])
  ("1=x" .
   [1 0 0])
  ("m" .
   [1])
  ("need" .
   [6 0 0 0])
  ("null" .
   [3 0 0 0])
  ("To" .
   [10 0])
  ("generalized" .
   [4 0 0 0 0 0 0 0 0 0 0])
  ("normalized" .
   [1 0 0 0 0 0 0 0 0 0])
  ("n" .
   [3])
  ("3=0" .
   [3 0 0])
  ("Det" .
   [3 0 1])
  ("doesn't" .
   [0 0 0 0 0 1 0])
  ("augmented" .
   [1 0 0 0 0 0 0 0 0])
  ("arbitrary" .
   [0 0 0 0 3 0 0 0 0])
  ("3=1" .
   [1 0 0])
  ("1+4x" .
   [1 0 0 0])
  ("solving" .
   [9 0 0 0 0 0 0])
  ("column" .
   [2 0 0 0 0 0])
  ("Moreover" .
   [2 0 0 0 3 0 2 0])
  ("than" .
   [5 0 0 0])
  ("less" .
   [2 0 0 0])
  ("Which" .
   [1 0 0 0 0])
  ("Rank" .
   [2 0 0 0])
  ("multi4" .
   [1 0 0 0 0 0])
  ("a" .
   [6])
  ("improvement" .
   [1 0 0 0 0 0 0 0 0 0 0])
  ("400-meter" .
   [1 0 0 0 0 0 0 0 0])
  ("uncontrolled''" .
   [1 0 0 0 0 0 0 0 0 0 0 0 0 0])
  ("compared" .
   [3 0 0 0 0 0 0 0])
  ("i=" .
   [2 0])
  ("spacings" .
   [1 0 0 0 0 0 0 0])
  ("centering" .
   [1 0 0 0 0 0 0 0 0])
  ("rangle=0" .
   [1 0 0 0 0 0 0 0])
  ("N" .
   [1])
  ("=-2" .
   [1 0 0])
  ("rangle+" .
   [1 0 0 0 0 0 0])
  ("respect" .
   [0 0 0 0 1 1 0])
  ("non-negative" .
   [1 0 0 0 0 0 0 0 0 0 0 0])
  ("always" .
   [1 0 0 0 0 0])
  ("minimized" .
   [2 0 0 0 0 0 0 0 0])
  ("being" .
   [3 0 0 0 0])
  ("get" .
   [4 0 0])
  ("-4" .
   [9 0])
  ("neq" .
   [8 0 0])
  ("orthogonal" .
   [0 0 0 0 0 1 0 1 0 0])
  ("matrices" .
   [3 0 0 0 0 0 0 0])
  ("if" .
   [11 0])
  ("rangle=" .
   [2 0 0 0 0 0 0])
  ("mathrm" .
   [3 0 0 0 0 0])
  ("product" .
   [0 0 0 0 0 1 0])
  ("inner" .
   [1 0 0 0 0])
  ("14" .
   [2 0])
  ("terms" .
   [3 0 0 0 0])
  ("2=0" .
   [2 0 1])
  ("functions" .
   [5 0 0 0 0 0 0 0 0])
  ("function" .
   [6 0 0 0 12 0 0 0])
  ("rational" .
   [0 0 0 0 0 0 1 0])
  ("field" .
   [1 0 0 1 0])
  ("independent" .
   [1 0 0 0 0 1 0 2 0 0 0])
  ("linearly" .
   [2 0 0 0 0 0 0 0])
  ("35" .
   [2 0])
  ("align*" .
   [3 0 0 0 0 0])
  ("set" .
   [21 0 0])
  ("state-space" .
   [1 0 0 0 0 0 0 0 0 0 0])
  ("state" .
   [6 0 0 0 0])
  ("And" .
   [9 0 0])
  ("+tu" .
   [1 0 0])
  ("equations" .
   [5 0 0 0 0 0 0 0 0])
  ("Solving" .
   [0 0 0 0 0 1 1])
  ("S" .
   [1])
  ("-tu" .
   [0 0 1])
  ("ddot" .
   [0 0 0 1])
  ("eq" .
   [108 0])
  ("50" .
   [3 0])
  ("wv" .
   [4 0])
  ("during" .
   [1 0 0 0 0 0])
  ("sharp" .
   [1 0 0 0 0])
  ("lateral" .
   [1 0 0 0 0 0 0])
  ("MOBIL" .
   [2 0 0 0 0])
  ("use" .
   [10 0 0])
  ("main" .
   [3 0 0 0])
  ("ramp" .
   [5 0 0 0])
  ("lane" .
   [1 0 0 0])
  ("there" .
   [6 0 0 0 0])
  ("Section" .
   [2 0 0 0 0 1 0])
  ("simu" .
   [1 0 0 0])
  ("periodic" .
   [0 0 0 0 1 1 0 0])
  ("sec" .
   [4 0 0])
  ("speed" .
   [8 0 0 0 0])
  ("an" .
   [15 0])
  ("road" .
   [5 0 0 0])
  ("entering" .
   [1 0 0 0 0 0 0 0])
  ("every" .
   [13 0 0 0 0])
  ("boundary" .
   [1 0 0 0 0 0 0 0])
  ("open" .
   [2 0 0 0])
  ("on-ramp" .
   [1 0 0 0 0 0 0])
  ("condition" .
   [3 0 0 0 0 2 0 0 0])
  ("o" .
   [3])
  ("practice" .
   [2 0 0 0 0 0 0 0])
  ("comparison" .
   [1 0 0 0 0 0 0 0 0 0])
  ("h" .
   [5])
  ("Further" .
   [2 0 0 0 0 0 0])
  ("distances" .
   [1 0 0 0 0 0 0 0 0])
  ("show" .
   [6 0 0 0])
  ("it" .
   [42 0])
  ("since" .
   [33 0 0 0 0])
  ("using" .
   [7 0 0 0 0])
  ("optimized" .
   [1 0 0 0 0 0 0 0 0])
  ("Note" .
   [7 0 0 0])
  ("We" .
   [13 0])
  ("application" .
   [2 0 0 0 0 0 0 0 0 0 0])
  ("such" .
   [17 0 0 0])
  ("also" .
   [8 0 0 0])
  ("information" .
   [5 0 0 0 0 0 1 1 0 0 0])
  ("regular" .
   [5 0 0 0 0 0 0])
  ("others" .
   [1 0 0 0 0 0])
  ("only" .
   [21 0 0 0])
  ("first" .
   [8 0 0 1 0])
  ("i" .
   [11])
  ("jam" .
   [1 0 0])
  ("due" .
   [1 0 0])
  ("That" .
   [1 0 0 0])
  ("from" .
   [21 0 0 0])
  ("thus" .
   [20 0 0 0])
  ("tends" .
   [1 0 0 0 0])
  ("tend" .
   [2 0 0 0])
  ("higher" .
   [2 0 0 0 0 0])
  ("with" .
   [27 0 0 0])
  ("line" .
   [5 0 0 0])
  ("rates" .
   [2 0 0 0 0])
  ("rate" .
   [2 0 0 0])
  ("penetration" .
   [0 0 0 0 1 1 0 0 0 0 0])
  ("high" .
   [1 0 0 0])
  ("low" .
   [6 0 0])
  ("However" .
   [5 0 1 4 1 0 0])
  ("at" .
   [7 0])
  ("almost" .
   [2 0 0 0 0 0])
  ("lines" .
   [2 0 0 0 0])
  ("100" .
   [5 0 0])
  ("before" .
   [1 0 0 0 1 0])
  ("significant" .
   [3 0 0 0 0 0 0 0 0 0 0])
  ("reduced" .
   [1 0 0 0 0 0 0])
  ("travel" .
   [2 0 0 0 0 0])
  ("distance" .
   [3 0 0 0 0 0 0 0])
  ("average" .
   [3 0 2 0 2 0 0])
  ("increase" .
   [3 0 0 0 1 0 0 0])
  ("real" .
   [4 0 0 0])
  ("ideal" .
   [1 0 0 0 0])
  ("between" .
   [1 0 0 1 1 0 0])
  ("difference" .
   [4 0 0 0 0 0 0 0 0 0])
  ("compare" .
   [1 0 0 0 0 0 0])
  ("order" .
   [10 0 0 1 0])
  ("both" .
   [11 0 0 0])
  ("apply" .
   [3 0 0 0 0])
  ("In" .
   [10 0])
  ("This" .
   [4 0 0 0])
  ("s" .
   [11])
  ("05" .
   [5 0])
  ("10" .
   [20 0])
  ("conditions" .
   [3 0 0 0 0 0 0 0 0 0])
  ("initial" .
   [3 0 0 0 1 0 0])
  ("given" .
   [9 0 1 0 0])
  ("be" .
   [34 0])
  ("scenario" .
   [1 0 0 0 1 1 0 0])
  ("specific" .
   [1 0 0 0 0 1 0 0])
  ("Other" .
   [1 0 0 0 0])
  ("step" .
   [9 0 0 0])
  ("possible" .
   [1 0 0 0 1 0 0 0])
  ("behavior" .
   [1 0 0 0 0 1 0 0])
  ("driving" .
   [1 0 0 0 0 0 0])
  ("c" .
   [5])
  ("comfortable" .
   [1 0 0 0 0 0 0 0 0 0 0])
  ("vectors" .
   [7 0 0 0 0 0 0])
  ("bounds" .
   [1 0 0 1 1 0])
  ("general" .
   [5 0 0 0 2 0 0])
  ("c|k" .
   [1 0 0])
  ("follows" .
   [20 0 0 0 0 0 0])
  ("chosen" .
   [1 0 0 0 0 0])
  ("parameters" .
   [7 0 0 0 3 1 0 0 0 0])
  ("as" .
   [52 0])
  ("applicability" .
   [2 0 0 0 0 0 0 0 0 0 0 0 0])
  ("improve" .
   [0 0 0 0 0 0 1])
  ("t" .
   [7])
  ("performance" .
   [1 0 0 0 0 0 0 0 0 1 0])
  ("maintain" .
   [1 0 0 0 0 0 0 0])
  ("484" .
   [1 0 0])
  ("MATH" .
   [1 0 0 0])
  ("classname" .
   [1 0 0 0 0 0 1 0 0])
  ("classid" .
   [1 0 0 0 1 1 1])
  ("hwnum" .
   [5 0 0 0 0])
  ("515" .
   [1 0 0])
  ("ECE" .
   [1 0 0])
  ("def" .
   [4 0 0])
  ("O" .
   [1])
  ("Math" .
   [2 0 0 0])
  ("Illinois" .
   [0 0 0 2 0 0 0 0])
  ("University" .
   [1 0 0 0 1 0 0 0 0 0])
  ("vphantom" .
   [0 0 0 0 1 0 0 0])
  ("mathstrut" .
   [0 0 0 0 0 2 1 0 0])
  ("right" .
   [15 0 0 4 2])
  ("left" .
   [18 0 0 2])
  ("grad" .
   [1 0 0 0])
  ("2/" .
   [5 0])
  ("arccos" .
   [0 0 0 1 0 0])
  ("f" .
   [7])
  ("20" .
   [2 0])
  ("|a" .
   [2 0])
  ("Let" .
   [13 0 0])
  ("prod" .
   [1 0 0 0])
  ("angle" .
   [1 0 0 0 0])
  ("dot" .
   [6 0 0])
  ("definition" .
   [2 0 0 0 0 1 2 0 0 0])
  ("D" .
   [1])
  ("Using" .
   [13 0 0 0 0])
  ("eigenvectors" .
   [2 0 0 0 0 0 0 4 7 1 0 0])
  ("find" .
   [8 0 0 0])
  ("following" .
   [11 0 0 0 0 0 0 0 0])
  ("by" .
   [39 0])
  ("=6" .
   [5 0])
  ("eigenvalues" .
   [0 0 0 2 0 7 0 0 0 0 0])
  ("equation" .
   [6 0 0 0 2 1 1 0])
  ("Solution" .
   [0 0 0 0 1 1 0 0])
  ("<0" .
   [1 0])
  ("might" .
   [2 0 0 0 0])
  ("some" .
   [4 0 0 0])
  ("know" .
   [3 0 0 0])
  ("shown" .
   [6 0 2 0 0])
  ("trajectories" .
   [1 0 0 0 0 2 0 0 0 0 0 0])
  ("original" .
   [1 0 0 0 0 0 0 0])
  ("The" .
   [43 0 0])
  ("under" .
   [3 0 0 0 0])
  ("emissions" .
   [3 0 0 0 0 0 0 0 0])
  ("total" .
   [11 0 0 0 0])
  ("choose" .
   [1 0 0 0 0 0])
  ("we" .
   [125 0])
  ("addition" .
   [2 0 0 0 0 0 0 0])
  ("vehicles" .
   [11 0 0 0 0 0 0 0])
  ("number" .
   [11 0 0 0 1 0])
  ("shows" .
   [9 0 0 0 0])
  ("fref" .
   [12 0 0 0])
  ("are" .
   [41 0 0])
  ("results" .
   [9 0 0 0 0 0 0])
  ("time" .
   [28 0 0 0])
  ("reaction" .
   [0 0 0 0 1 0 0 0])
  ("fixed" .
   [4 0 0 0 0])
  ("obtained" .
   [5 0 1 0 0 0 0 0])
  ("and" .
   [124 0 0])
  ("different" .
   [2 0 0 0 1 4 2 0 0])
  ("items" .
   [1 0 0 0 0])
  ("test" .
   [1 0 0 0])
  ("scheme" .
   [4 0 0 0 0 0])
  ("model" .
   [21 0 1 0 0])
  ("MPC" .
   [13 0 0])
  ("tuning" .
   [3 0 0 0 1 0])
  ("discuss" .
   [1 0 0 0 0 0 0])
  ("used" .
   [8 0 0 0])
  ("will" .
   [33 0 0 0])
  ("Algorithm" .
   [0 0 0 1 5 0 0 1 0])
  ("Therefore" .
   [5 0 0 1 1 16 8 0 0])
  ("this" .
   [19 0 0 0])
  ("solve" .
   [4 0 0 0 1])
  ("methods" .
   [6 0 0 0 0 0 0])
  ("method" .
   [4 0 0 1 0 1])
  ("local" .
   [1 0 0 0 0])
  ("nonlinear" .
   [0 0 0 1 2 2 0 0 0])
  ("case" .
   [12 0 0 0])
  ("in" .
   [89 1])
  ("problem" .
   [3 0 0 4 2 0 1])
  ("the" .
   [216 0 1])
  ("Since" .
   [24 0 0 0 0])
  ("Optimization" .
   [0 0 0 0 0 0 2 0 1 0 0 0])
  ("to" .
   [61 0])
  ("going" .
   [2 0 1 0 0])
  ("section" .
   [1 0 0 1 1 0 0])
  ("qquad" .
   [0 0 3 0 0])
  ("m=1" .
   [1 0 1])
  ("max" .
   [17 0 0])
  ("le" .
   [49 0])
  ("min" .
   [5 0 0])
  ("Model" .
   [4 0 0 0 0])
  ("document" .
   [0 0 0 0 1 1 0 0])
  ("end" .
   [6 0 0])
  ("eqn" .
   [7 0 0])
  ("documentclass" .
   [0 0 0 1 1 0 0 0 0 0 0 0 0])
  ("sum" .
   [52 0 3])
  ("i=1" .
   [30 0 0])
  ("sim" .
   [3 0 1])
  ("sin" .
   [3 0 2])
  ("cos" .
   [1 0 1])
  ("figurehere" .
   [0 0 0 0 1 0 0 0 0 0])
  ("acceleration" .
   [0 0 0 0 5 1 0 0 0 0 0 0])
  ("each" .
   [15 0 0 0])
  ("vehicle" .
   [16 0 0 0 2 0 0])
  ("formula" .
   [1 0 0 0 0 0 0])
  ("N-i+1" .
   [0 0 0 2 0])
  ("k+1" .
   [10 0 1])
  ("assume" .
   [3 0 0 1 4 1])
  ("Control" .
   [0 0 0 0 0 1 0])
  ("control" .
   [18 0 0 0 0 0 1])
  ("vector" .
   [7 0 1 3 0 0])
  ("after" .
   [4 0 0 0 0])
  ("constant" .
   [4 0 0 0 0 0 1 0])
  ("ldots" .
   [2 0 17 3 0])
  ("usepackage" .
   [0 0 1 6 1 4 0 0 0 0])
  ("is" .
   [186 0])
  ("horizon" .
   [7 0 0 0 1 0 0])
  ("prediction" .
   [4 0 0 0 0 0 0 0 0 0])
  ("well" .
   [8 0 0 0])
  ("weight" .
   [1 0 0 0 0 0])
  ("very" .
   [3 0 0 0])
  ("simple" .
   [4 0 0 0 0 0])
  ("for" .
   [72 0 0])
  ("simulation" .
   [10 0 0 0 0 0 1 0 1 0])
  ("Appendix" .
   [0 0 2 0 0 0 0 0])
  ("ref" .
   [53 0 0])
  ("label" .
   [3 0 0 1 0])
  ("traffic" .
   [4 0 1 0 0 0 0])
  ("car-following" .
   [2 0 0 0 0 1 0 0 1 0 2 0 0])
  ("VT-Micro" .
   [0 0 1 0 0 0 0 0])
  ("emission" .
   [2 0 0 0 0 1 0 0])
  ("estimation" .
   [1 0 0 0 0 0 0 0 0 0])
  ("Then" .
   [34 0 0 0])
  ("Intelligent" .
   [0 0 0 0 0 0 1 0 0 0 0])
  ("platoon" .
   [3 0 0 0 0 0 0])
  ("situation" .
   [1 0 0 0 0 0 0 0 0])
  ("leading" .
   [2 0 0 0 0 0 0])
  ("trajectory" .
   [2 0 0 0 0 0 1 0 0 0])
  ("fully" .
   [2 0 0 0 0])
  ("known" .
   [3 0 0 0 0])
  ("which" .
   [54 0 0 1 3])
  ("can" .
   [70 0 0])
  ("calculate" .
   [2 0 0 2 0 1 0 0 0])
  ("advance" .
   [4 0 0 0 0 1 0])
  ("same" .
   [7 0 0 0])
  ("Thus" .
   [15 0 0 0])
  ("when" .
   [12 0 0 0])
  ("instantaneous" .
   [0 0 0 0 0 0 4 3 1 3 0 0 0])
  ("see" .
   [10 0 0])
  ("that" .
   [101 0 0 1])
  ("From" .
   [9 0 0 0])
  ("optimization" .
   [5 0 0 0 0 0 1 0 0 0 0 0])
  ("don't" .
   [0 0 1 1 0])
  ("level" .
   [2 0 0 0 0])
  ("even" .
   [3 0 0 0])
  ("not" .
   [19 0 0])
  ("simplest" .
   [1 0 0 0 0 0 0 0])
  ("Furthermore" .
   [1 0 0 0 0 0 0 0 0 0 0])
  ("best" .
   [1 0 0 0])
  ("has" .
   [19 0 0])
  ("i+1" .
   [3 0 0])
  ("217" .
   [1 0 0])
  ("item" .
   [26 0 0 2])
  ("frac" .
   [0 0 0 2])
  (">0" .
   [5 0])
  ("x=-1" .
   [3 0 0 0])
  ("+2x" .
   [2 0 0])
  ("=1" .
   [14 0])
  ("11" .
   [11 0])
  ("12" .
   [9 0])
  ("equation*" .
   [4 0 0 0 0 0 0 0 0])
  ("-1" .
   [52 0])
  ("=0" .
   [27 0])
  ("x=0" .
   [2 0 0])
  ("mathbb" .
   [7 0 0 0 0 0])
  ("1" .
   [16])
  ("-3" .
   [11 0])
  ("mathbf" .
   [14 0 0 0 0 1])
  ("solution" .
   [10 0 3 12 3 0 4 2])
  ("pmatrix" .
   [1 0 0 2 0 0 0])
  ("reduction" .
   [0 0 0 0 0 0 0 1 0])
  ("on" .
   [9 0])
  ("matrix" .
   [8 0 0 0 1 0])
  ("have" .
   [54 0 1 0])
  ("obtain" .
   [12 0 1 1 0 1])
  ("hbox" .
   [5 0 9 1])
  ("rank" .
   [9 0 0 0])
  ("means" .
   [12 0 0 0 0])
  ("dimension" .
   [1 0 0 0 0 1 0 1 0])
  ("of" .
   [106 0])
  ("smallest" .
   [0 0 0 0 0 0 0 1])
  ("subspace" .
   [0 0 0 0 0 1 1 0])
  ("begin" .
   [52 0 2 10 2])
  ("displaystyle" .
   [0 0 0 2 1 0 0 0 0 0 0 0])
  ("-2" .
   [20 0])
  ("where" .
   [24 0 0 0 0])
  ("url" .
   [0 0 1])
  ("determinants" .
   [0 0 0 0 0 0 0 1 0 0 0 0])
  ("det" .
   [3 0 1])
  ("times" .
   [12 0 0 0 0])
  ("proof" .
   [5 0 0 2 13])
  ("A" .
   [1])
  ("Use" .
   [1 0 0])
  ("Bx=" .
   [1 0 0])
  ("l" .
   [8])
  ("let" .
   [10 0 0])
  ("then" .
   [21 0 0 0])
  ("+v" .
   [2 0])
  ("ge" .
   [19 0])
  ("=x" .
   [7 0])
  ("H" .
   [1])
  ("DE" .
   [3 0])
  ("unique" .
   [6 0 0 0 0 0])
  ("x=" .
   [5 0])
  ("all" .
   [10 0 0])
  ("infty" .
   [1 0 0 45 2])
  ("t>0" .
   [2 0 0])
  ("t=0" .
   [1 0 0])
  ("tan" .
   [1 0 0])
  ("So" .
   [7 0])
  ("Actually" .
   [3 0 0 0 0 2 1 1])
  ("1+x" .
   [5 0 0])
  ("1/3" .
   [4 0 0])
  ("finite" .
   [1 0 0 0 0 0])
  ("another" .
   [1 0 0 0 0 0 0])
  ("equiv" .
   [1 0 0 0 0])
  ("satisfy" .
   [1 0 0 0 0 3 0])
  ("satisfied" .
   [0 0 0 0 1 0 0 0 0])
  ("interval" .
   [0 0 0 0 0 0 1 0])
  ("easily" .
   [1 0 1 1 0 0])
  ("select" .
   [1 0 0 0 0 0])
  ("forall" .
   [6 0 0 7 2 0])
  ("align" .
   [14 0 0 1 10])
  ("+x" .
   [3 0])
  ("numsol" .
   [3 0 0 18 14 0])
  ("represent" .
   [1 0 0 0 0 0 0 1 1])
  ("representation" .
   [0 0 0 0 0 2 0 0 0 0 2 0 0 0])
  ("cdot" .
   [2 0 28 0])
  ("=s" .
   [4 0])
  ("basis" .
   [3 0 0 0 0])
  ("space" .
   [7 0 0 0 0])
  ("T=" .
   [2 0])
  ("over" .
   [3 0 0 0])
  ("For" .
   [18 0 0])
  ("1+" .
   [23 0])
  ("Addition" .
   [0 0 0 0 0 1 0 0])
  ("e" .
   [6])
  ("2+x" .
   [2 0 0])
  ("contains" .
   [2 0 0 0 0 0 0 0])
  ("beta+0" .
   [2 0 0 0 0 0])
  ("mathcal" .
   [12 0 0 0 2 3 0])
  ("associative" .
   [1 0 0 0 0 0 0 0 0 0 0])
  ("If" .
   [4 0])
  ("Given" .
   [4 0 0 0 0])
  ("langle" .
   [0 0 2 8 4 0])
  ("x" .
   [1])
  ("v+u" .
   [1 0 0])
  ("range" .
   [6 0 0 0 1])
  ("rangle" .
   [1 0 2 7 1 2])
  ("By" .
   [9 0])
  ("quad" .
   [1 0 0 0])
  ("square" .
   [1 0 0 0 0 0])
  ("sides" .
   [2 0 0 0 0])
  ("|v+u" .
   [1 0 0 0])
  ("Consider" .
   [2 0 0 0 0 0 0 0])
  ("equality" .
   [2 0 0 1 0 0 0 0])
  ("gives" .
   [6 0 0 0 0])
  ("p-1" .
   [3 0 0])
  ("value" .
   [7 0 0 0 1])
  ("applied" .
   [2 0 0 0 0 0 0])
  ("process" .
   [2 0 0 0 0 0 0])
  ("Here" .
   [4 0 0 0])
  ("Such" .
   [1 0 0 0])
  ("repeated" .
   [1 0 0 0 0 0 0 0])
  ("next" .
   [3 0 0 0])
  ("reduce" .
   [1 0 0 0 0 0])
  ("complexity" .
   [2 0 0 0 0 0 0 0 0 0])
  ("k+N" .
   [2 0 0])
  ("considered" .
   [3 0 0 0 0 0 0 0 0 0])
  ("cdots" .
   [5 0 0 0 0])
  ("leader" .
   [3 0 0 0 0 0])
  ("i=0" .
   [3 0 0])
  ("its" .
   [12 0 0])
  ("based" .
   [3 0 0 0 0])
  ("spatial" .
   [3 0 0 0 0 0 0])
  ("velocity" .
   [3 0 0 1 3 2 1 0])
  ("denote" .
   [5 0 0 0 0 0])
  ("'s" .
   [4 0])
  ("perception" .
   [1 0 0 0 0 0 0 0 0 0])
  ("Vehicle" .
   [1 0 1 0 2 0 0])
  ("separation" .
   [1 0 0 0 0 0 1 0 0 0])
  ("predecessor" .
   [1 0 0 0 0 0 0 0 0 0 0])
  ("follow" .
   [2 0 0 1 13 0])
  ("Driver" .
   [1 0 0 0 0 0])
  ("law" .
   [4 0 0])
  ("determine" .
   [3 0 0 1 0 0 0 0 0])
  ("current" .
   [2 0 0 0 0 0 0])
  ("differences" .
   [1 0 0 0 0 0 0 0 0 0 0])
  ("actions" .
   [1 0 0 0 0 0 0])
  ("variables" .
   [6 0 0 0 0 0 0 0 0])
  ("=u" .
   [2 0])
  ("w" .
   [3])
  ("intelligent" .
   [3 0 0 0 0 0 0 0 0 0 0])
  ("nominal" .
   [3 0 0 0 0 0 0])
  ("units" .
   [1 0 0 0 0])
  ("kinematic" .
   [0 0 0 0 0 0 1 0 0])
  ("kinematics" .
   [1 0 0 0 0 0 0 0 0 0])
  ("form" .
   [6 0 0 0])
  ("system" .
   [17 0 0 0 0 0])
  ("dynamics" .
   [5 0 0 0 0 0 0 0])
  ("sys" .
   [2 0 0])
  ("+y" .
   [2 0])
  ("-y" .
   [1 0])
  ("i-1" .
   [15 0 0])
  ("-v" .
   [2 0])
  ("nn" .
   [12 0])
  ("=v" .
   [4 0])
  ("+a" .
   [1 0])
  ("-a" .
   [3 0])
  ("=" .
   [3])
  ("future" .
   [3 0 0 0 0 0])
  ("sequence" .
   [2 0 0 2 1 0 0 0])
  ("c+N" .
   [4 0 0])
  ("Mk" .
   [1 0])
  ("k" .
   [2])
  ("k/M" .
   [2 0 0])
  ("Based" .
   [1 0 0 0 0])
  ("k=Mk" .
   [2 0 0 0])
  ("these" .
   [3 0 0 0 0])
  ("inputs" .
   [3 0 0 0 0 0])
  ("c+1" .
   [6 0 0])
  ("eqref" .
   [11 0 0 0 0])
  ("develop" .
   [1 0 0 0 1 0 0])
  ("c=" .
   [2 0])
  ("lfloor" .
   [1 0 0 0 0 0])
  ("rfloor" .
   [1 0 0 0 0 0])
  ("lim" .
   [4 0 0])
  ("rightarrow+" .
   [2 0 0 0 0 0 0 0 0 0 0])
  ("|z" .
   [1 0])
  ("x=y=0" .
   [1 0 0 0 0])
  ("compute" .
   [7 0 0 0 1 0 0])
  ("2+" .
   [9 0])
  ("=+" .
   [2 0])
  ("continuous" .
   [1 0 0 0 0 0 0 0 0 0])
  ("derivative" .
   [0 0 0 0 0 0 1 0 0 0])
  ("coercive" .
   [0 0 0 0 1 0 0 0])
  ("global" .
   [2 0 0 0 0 0])
  ("minimizer" .
   [2 0 0 0 0 0 0 0 0])
  ("Finally" .
   [1 0 0 0 4 0 0])
  ("conclude" .
   [5 0 0 0 2 0 1 0])
  ("maximizer" .
   [1 0 0 0 0 0 0 0 0])
  ("1/2" .
   [10 0 0])
  ("Also" .
   [1 0 0 0])
  ("ii" .
   [10 0])
  ("without" .
   [3 0 0 0 0 0 0])
  ("generality" .
   [3 0 0 0 0 0 0 0 0 0])
  ("rewritten" .
   [1 0 0 0 0 0 0 0 0])
  ("=a" .
   [4 0])
  ("jj" .
   [3 0])
  ("ij" .
   [8 0])
  ("ix" .
   [3 0])
  ("either" .
   [1 0 0 0 0 0])
  ("or" .
   [3 0])
  ("nonzero" .
   [1 0 0 0 0 0 0])
  ("positive" .
   [3 0 0 0 2 0 1 0])
  ("negative" .
   [2 0 0 0 0 1 0 0])
  ("values" .
   [3 0 0 0 0 0])
  ("say" .
   [1 0 0])
  ("i+a" .
   [1 0 0])
  ("2=" .
   [12 0])
  ("3=" .
   [2 0])
  ("controller" .
   [3 0 0 0 0 0 0 0 0 0])
  ("corresponding" .
   [2 0 0 0 0 1 2 0 0 0 0 0 0])
  ("signal" .
   [3 0 0 0 0 0])
  ("reducing" .
   [1 0 0 0 0 0 0 0])
  ("stability" .
   [2 0 0 0 0 0 0 0 0])
  ("start" .
   [2 0 0 0 0])
  ("point" .
   [5 0 0 0 0])
  ("hat" .
   [3 0 0])
  ("fig" .
   [5 0 0])
  ("k-l" .
   [8 0 0])
  ("c-1" .
   [1 0 0])
  ("k-1" .
   [1 0 0])
  ("denotes" .
   [1 0 0 0 0 0 0])
  ("acc" .
   [1 0 0])
  ("See" .
   [3 0 0])
  ("citet" .
   [12 0 0 0 0])
  ("citep" .
   [5 0 0 0 0])
  ("length" .
   [3 0 0 0 0 0])
  ("-x" .
   [1 0])
  ("paper" .
   [1 0 0 0 0])
  ("usually" .
   [1 0 0 0 0 0 0])
  ("while" .
   [4 0 0 0 0])
  ("identical" .
   [2 0 0 0 0 0 0 0 0])
  ("lower" .
   [2 0 0 0 0])
  ("upper" .
   [1 0 0 0 0])
  ("respectively" .
   [1 0 0 0 0 0 2 0 1 0 0 0])
  ("0=" .
   [2 0])
  ("73" .
   [1 0])
  ("67" .
   [2 0])
  ("according" .
   [1 0 0 0 0 0 0 0 0])
  ("includes" .
   [1 0 0 0 0 0 0 0])
  ("including" .
   [1 0 0 0 0 0 0 0 0])
  ("IDM" .
   [2 0 0])
  ("calibration" .
   [1 0 0 0 0 0 0 0 0 0 0])
  ("finding" .
   [1 0 0 0 0 0 0])
  ("optimal" .
   [4 0 0 0 0 0 0])
  ("minimize" .
   [1 0 0 0 0 0 0 0])
  ("instead" .
   [1 0 0 0 0 0 0])
  ("mpc" .
   [1 0 0])
  ("opti" .
   [1 0 0 0])
  ("definite" .
   [2 0 0 0 0 0 0 0])
  ("laws" .
   [2 0 0 0])
  ("calibrated" .
   [1 0 0 0 0 0 0 0 0 0])
  ("advantages" .
   [1 0 0 0 0 0 0 0 0 0])
  ("approach" .
   [2 0 0 0 0 0 1 0])
  ("proposed" .
   [3 0 0 0 0 0 0 0])
  ("constrains" .
   [0 0 0 0 1 1 0 0 0 0])
  ("about" .
   [1 0 0 0 0])
  ("=2" .
   [9 0])
  ("defined" .
   [1 0 0 0 0 0 0])
  ("33" .
   [3 0])
  ("Initially" .
   [0 0 0 0 0 1 0 0 0])
  ("located" .
   [1 0 0 0 0 0 0])
  ("equal" .
   [3 0 0 0 0])
  ("spacing" .
   [2 0 0 0 0 0 0])
  ("evenly" .
   [1 0 0 0 0 0])
  ("distributed" .
   [1 0 0 0 0 0 0 0 0 0 0])
  ("ring" .
   [1 0 0 0])
  ("0+0" .
   [1 0 0])
  ("pi" .
   [1 0])
  ("250" .
   [1 0 0])
  ("joint" .
   [1 0 0 0 0])
  ("130" .
   [1 0 0])
  ("flow" .
   [5 0 0 0])
  ("one" .
   [5 0 0])
  ("ACC" .
   [5 0 0])
  ("ISA" .
   [3 0 0])
  ("km/h" .
   [2 0 0 0])
  ("full" .
   [2 0 0 0])
  ("any" .
   [8 0 0])
  ("Bx" .
   [1 0])
  ("Now" .
   [3 0 0])
  ("convex" .
   [5 0 0 0 1 1])
  ("two" .
   [6 0 0])
  ("points" .
   [2 0 0 0 0 0])
  ("1=" .
   [6 0])
  ("Without" .
   [2 0 0 0 0 0 0])
  ("losing" .
   [2 0 0 0 0 0])
  ("lambda'=" .
   [1 0 0 0 0 0 0 0])
  ("D=" .
   [1 0])
  ("three" .
   [5 0 0 0 0])
  ("cases" .
   [7 0 0 0 0])
  ("Both" .
   [2 0 0 0])
  ("subset" .
   [1 0 0 0 0 1])
  ("|=" .
   [4 0])
  ("|+" .
   [2 0])
  ("complete" .
   [3 0 0 0 0 0 0 0])
  ("completes" .
   [3 0 0 0 0 0 0 0 0])
  ("25" .
   [6 0])
  ("Firstly" .
   [0 0 0 1 2 2 0])
  ("Travel" .
   [0 0 0 0 1 0])
  ("Travelled" .
   [1 0 0 0 0 0 0 0 0])
  ("Kilometers" .
   [0 0 0 1 0 0 0 0 0 0])
  ("calculated" .
   [4 0 0 0 0 0 0 0 0 0])
  ("prec" .
   [0 0 0 1])
  ("predict" .
   [0 0 0 0 1 0 0])
  ("true" .
   [2 0 0 4])
  ("formulated" .
   [2 0 0 0 0 0 0 0 0 0])
  ("int" .
   [10 0 0])
  ("lceil" .
   [0 0 1 1 0])
  ("rceil" .
   [0 0 1 1 0])
  ("dx" .
   [8 0])
  ("into" .
   [4 0 0 0])
  ("exact" .
   [3 0 0 1 0])
  ("TC" .
   [1 0])
  ("distribution" .
   [0 0 0 0 0 2 4 0 0 0 0 0])
  ("approx" .
   [3 0 0 0 0 0])
  ("Bigg" .
   [9 0 0 0])
  ("sqrt" .
   [2 0 3 0])
  ("RMSD" .
   [3 0 0 0])
  ("+0" .
   [2 0])
  ("sigma" .
   [1 0 0 0 0])
  ("rmsd" .
   [1 0 0 0])
  ("RMSD'" .
   [1 0 0 0 0])
  ("close" .
   [1 0 0 0 0])
  ("enumitem" .
   [0 0 0 0 1 0 0 0])
  ("roman" .
   [1 0 0 0 0])
  ("B'" .
   [1 0])
  ("itemindent=1" .
   [1 0 0 0 0 0 0 0 0 0 0 0])
  ("0pt" .
   [1 0 0])
  ("strictly" .
   [1 0 0 0 0 2 0 0])
  ("line-haul" .
   [1 0 0 0 0 0 0 0 0])
  ("cost" .
   [5 0 0 0])
  ("former" .
   [1 0 0 0 0 0])
  ("latter" .
   [1 0 0 0 0 0])
  ("it's" .
   [2 0 0 0])
  ("per" .
   [2 0 0])
  ("bus" .
   [1 0 0])
  ("c'" .
   [2 0])
  ("=c" .
   [1 0])
  ("+c" .
   [2 0])
  ("n=1" .
   [4 0 0])
  ("demand" .
   [3 0 0 0 1 0])
  ("curve" .
   [1 0 0 0 0])
  ("symmetric" .
   [0 0 0 0 0 2 0 0 0])
  ("location" .
   [4 0 0 0 0 0 0 0])
  ("regions" .
   [0 0 0 0 1 0 0])
  ("notations" .
   [1 0 0 0 0 0 0 0 0])
  ("subscripts" .
   [1 0 0 0 0 0 0 0 0 0])
  ("index" .
   [1 0 0 0 0])
  ("terminals" .
   [3 0 0 0 0 0 0 0 0])
  ("th" .
   [4 0])
  ("terminal" .
   [1 0 0 0 0 0 0 0])
  ("dd" .
   [2 0])
  ("-d" .
   [1 0])
  ("d" .
   [1])
  ("Mulberry" .
   [0 0 1 0 0 0 0 0])
  ("Geometrical" .
   [0 0 0 0 0 0 0 0 0 1 0])
  ("figure" .
   [3 0 0 3 0 0])
  ("Optimal" .
   [1 0 0 0 0 0 0])
  ("locations" .
   [1 0 0 0 0 0 0 0 0])
  ("n=2" .
   [1 0 0])
  ("q1-2" .
   [2 0 0 0])
  ("q1" .
   [2 0])
  ("q1-1" .
   [2 0 0 0])
  ("several" .
   [1 0 0 0 0 0 0])
  ("n=3" .
   [1 0 0])
  ("/figures/q5" .
   [1 0 0 0 0 0 0 0 0 0 0])
  ("q5" .
   [1 0])
  ("fontspec" .
   [1 0 0 0 0 0 0 0])
  ("a4paper" .
   [1 0 0 0 0 0 0])
  ("2em" .
   [1 0 0])
  ("Light" .
   [2 0 0 0 0])
  ("=Ax" .
   [3 0 0])
  ("+Bu" .
   [4 0 0])
  ("o+Bu" .
   [1 0 0 0])
  ("2x" .
   [2 0])
  ("+B" .
   [3 0])
  ("k=0" .
   [1 0 0])
  ("n-1" .
   [11 0 0])
  ("correct" .
   [0 0 0 0 1 0 0])
  ("A=P" .
   [1 0 0])
  ("=P" .
   [2 0])
  ("P=" .
   [2 0])
  ("5/8" .
   [1 0 0])
  ("Numbers=Lining" .
   [0 0 0 0 0 0 0 0 0 0 0 0 1 0])
  ("textbf" .
   [1 0 0 0 0 0])
  ("utf8" .
   [1 0 0 0])
  ("Helvetica" .
   [1 0 0 0 0 0 0 0 0])
  ("LTV" .
   [3 0 0])
  ("transition" .
   [1 0 0 0 0 0 0 0 0 0])
  ("yields" .
   [1 0 1 0 0 0])
  ("=e" .
   [4 0])
  ("3t" .
   [1 0])
  ("2/2" .
   [2 0 0])
  ("3/2" .
   [1 0 0])
  ("=I" .
   [1 0])
  ("BIBO" .
   [1 0 0 1])
  ("stable" .
   [3 0 0 0 0 0])
  ("transfer" .
   [1 0 0 0 0 0 0 0])
  ("-2t" .
   [1 0 0])
  ("-1/2" .
   [2 0 0 0])
  ("sup" .
   [2 0 0])
  ("C=" .
   [1 0])
  ("controllable" .
   [1 0 0 0 0 0 0 0 0 4 0 0])
  ("2B" .
   [2 0])
  ("=3" .
   [2 0])
  ("16" .
   [1 0])
  ("span" .
   [1 0 0 0])
  ("3" .
   [2])
  ("canonical" .
   [0 0 0 0 1 0 0 0 0])
  ("completely" .
   [2 0 0 0 0 0 1 0 0 0])
  ("CA" .
   [2 0])
  ("observable" .
   [0 0 0 0 0 1 0 1 1 0])
  ("-5" .
   [5 0])
  ("observing" .
   [0 0 0 0 1 2 1 0 0])
  ("sI-A" .
   [1 0 0 0])
  ("s=" .
   [1 0])
  ("s=-1" .
   [1 0 0 0])
  ("-" .
   [1])
  ("u" .
   [1])
  ("third" .
   [1 0 0 0 0])
  ("Minimize" .
   [1 0 0 0 0 0 0 0])
  ("subject" .
   [0 0 0 0 1 1 1])
  ("-e" .
   [1 0])
  ("+e" .
   [1 0])
  ("DGP" .
   [3 0 0])
  ("Maximize" .
   [0 0 0 0 0 1 0 0])
  ("delta" .
   [1 0 0 0 0])
  ("variable" .
   [1 0 0 0 0 2 0 0])
  ("dual" .
   [2 0 0 0])
  ("hphantom" .
   [0 0 12 0 0 0 0 0])
  ("1>0" .
   [1 0 0])
  ("objective" .
   [0 0 0 0 0 1 0 0 0])
  ("consistent" .
   [1 0 0 0 0 0 1 0 0 0])
  ("1=t" .
   [1 0 0])
  ("2+2" .
   [1 0 0])
  ("+2" .
   [4 0])
  ("*2" .
   [1 0])
  ("give" .
   [1 0 0 0])
  ("1/4" .
   [1 0 0])
  ("1/8" .
   [2 0 0])
  ("3-2" .
   [1 0 0])
  ("x=x" .
   [1 0 0])
  ("0+" .
   [3 0])
  ("x>0" .
   [1 0 0])
  ("=f" .
   [1 0])
  ("When" .
   [1 0 0 0])
  ("f'" .
   [1 0])
  ("row" .
   [2 0 0])
  ("Lagrangian" .
   [0 0 0 1 0 0 0 0 0 0])
  ("gradient" .
   [1 0 0 0 0 0 0 0])
  ("=-A" .
   [1 0 0])
  ("station" .
   [1 0 0 0 0 0 0])
  ("fuel" .
   [1 0 0 0])
  ("cup" .
   [2 0 0])
  ("s=1" .
   [1 0 0])
  ("nonumber" .
   [0 0 0 0 0 1 0 0])
  ("72" .
   [1 0])
  ("cvitem" .
   [0 0 0 4 0 0])
  ("par" .
   [7 0 0])
  ("Xinjiang" .
   [1 0 0 0 0 0 0 0])
  ("Oct" .
   [3 0 0])
  ("2013" .
   [1 0 0 0])
  ("2012" .
   [2 0 0 0])
  ("Dec" .
   [1 0 0])
  ("2011" .
   [1 0 0 0])
  ("b" .
   [1])
  ("info" .
   [7 0 0 0])
  ("infoitem" .
   [0 0 0 1 3 2 0 0])
  ("footer" .
   [0 0 0 0 1 0])
  ("25em" .
   [4 0 0 0])
  ("-2pt" .
   [1 0 0 0])
  ("cventry" .
   [0 0 0 0 1 0 0])
  ("normalfont" .
   [0 0 0 0 0 1 0 0 0 0])
  ("Skills" .
   [0 0 1 0 0 0])
  ("newline" .
   [0 0 0 0 1 0 0])
  ("mbox" .
   [0 0 2 0])
  ("Graph" .
   [1 0 0 0 0])
  ("Proposition" .
   [0 0 0 0 2 1 1 0 0 0 0])
  ("SCC" .
   [4 0 0])
  ("larger" .
   [1 0 0 0 0 0])
  ("reach" .
   [3 0 0 0 0])
  ("belongs" .
   [1 0 0 0 0 0 0])
  ("nodes" .
   [6 0 0 0 0])
  ("visited" .
   [1 0 0 0 0 0 0])
  ("infinitely" .
   [1 0 0 0 0 0 0 0 0 0])
  ("often" .
   [1 0 0 0 0])
  ("infinite" .
   [2 0 0 0 0 0 1 0])
  ("walk" .
   [3 0 0 0])
  ("prop" .
   [2 0 0 0])
  ("remove" .
   [1 0 0 0 0 0])
  ("backslash" .
   [0 0 0 0 0 1 0 0 0])
  ("sorted" .
   [1 0 0 0 0 0])
  ("alg" .
   [1 0 0])
  ("p2-1" .
   [1 0 0 0])
  ("COMMENT" .
   [0 0 1 0 0 0 0])
  ("running" .
   [0 0 0 0 1 0 0])
  ("log" .
   [16 0 0])
  ("=2T" .
   [1 0 0])
  ("n/2" .
   [2 0 0])
  ("+O" .
   [1 0])
  ("hrule" .
   [0 0 1 1 0])
  ("desired" .
   [2 0 0 0 0 0 0])
  ("result" .
   [1 0 0 1 3 0])
  ("htbp" .
   [6 0 0 0])
  ("version" .
   [1 0 0 0 0 1 0])
  ("observe" .
   [4 0 0 0 0 0 0])
  ("n/n" .
   [12 0 0])
  ("V" .
   [1])
  ("Var" .
   [1 0 0])
  ("var" .
   [6 0 0])
  ("i=N+1" .
   [2 0 0 0 0])
  ("ni" .
   [1 0])
  ("convergence" .
   [0 0 0 0 0 0 3 0 1 0 0])
  ("Lemma" .
   [2 0 0 0 1])
  ("epsilon>0" .
   [5 0 0 0 0 0 0 0 0])
  ("cdots+X" .
   [4 0 0 0 0 0 0])
  ("2n" .
   [1 0])
  ("applying" .
   [1 0 0 0 0 0 0 0])
  ("i=2" .
   [1 0 0])
  ("inf" .
   [3 0 0])
  ("integer" .
   [0 0 0 0 1 0 0])
  ("27" .
   [1 0])
  ("probability" .
   [1 0 0 0 0 2 0 0 0 0 0])
  ("epsilon/2" .
   [1 0 0 0 0 0 0 0 0])
  ("density" .
   [1 0 0 0 0 0 0])
  ("i>x" .
   [3 0 0])
  ("Big" .
   [2 0 0])
  ("fact" .
   [2 0 0 0])
  ("dx=" .
   [1 0 0])
  ("It" .
   [2 0])
  ("binomial" .
   [1 0 0 0 0 0 0 0])
  ("/cee515" .
   [1 0 0 0 0 0 0])
  ("Poisson" .
   [0 0 0 0 1 0 0])
  ("Frequency" .
   [0 0 0 1 3 2 0 0 0])
  ("2/m" .
   [1 0 0])
  ("Binomial" .
   [1 0 0 0 0 0 0 0])
  ("<=" .
   [1 0])
  (">=" .
   [1 0])
  ("tablenum" .
   [1 0 0 0 0 0 0 0])
  ("975" .
   [1 0 0])
  ("45+1" .
   [1 0 0 0])
  ("984" .
   [1 0 0])
  ("variance" .
   [3 0 0 0 0 0 0 0])
  ("95" .
   [1 0])
  ("99" .
   [3 0])
  ("77" .
   [1 0])
  ("standard" .
   [0 0 0 0 0 1 0 0])
  ("995" .
   [1 0 0])
  ("00" .
   [1 0])
  ("138" .
   [1 0 0])
  ("51" .
   [1 0])
  ("39" .
   [1 0])
  ("34" .
   [1 0])
  ("tab" .
   [1 0 0])
  ("8" .
   [1])
  ("=15" .
   [1 0 0])
  ("FFT" .
   [2 0 0])
  ("fft" .
   [2 0 0])
  ("/figures/fr006" .
   [2 0 0 0 0 0 0 0 0 0 0 0 0 0])
  ("06" .
   [3 0])
  ("fr006" .
   [4 0 0 0 0])
  ("/figures/fr004" .
   [4 0 0 0 0 0 0 0 0 0 0 0 0 0])
  ("04" .
   [5 0])
  ("fr004" .
   [2 0 0 0 0])
  ("/figures/fr002" .
   [4 0 0 0 0 0 0 0 0 0 0 0 0 0])
  ("02" .
   [3 0])
  ("fr002" .
   [3 0 0 0 0])
  ("2a" .
   [1 0])
  ("<k" .
   [1 0])
  ("+" .
   [1])
  ("author" .
   [0 0 0 0 1 0])
  ("oscillation" .
   [0 0 0 0 3 0 0 0 0 0 0])
  ("researches" .
   [1 0 0 0 0 0 0 0 0 0])
  ("bullwhip" .
   [0 0 0 0 2 0 0 1])
  ("study" .
   [1 0 0 0 0])
  ("implemented" .
   [1 0 0 0 0 0 0 0 0 0 0])
  ("studies" .
   [3 0 0 0 0 0 0])
  ("Statistical" .
   [0 0 0 0 0 0 2 0 0 0 0])
  ("Literature" .
   [0 0 0 0 0 0 1 0 0 0])
  ("focusing" .
   [1 0 0 0 0 0 0 0])
  ("stochastic" .
   [2 0 0 0 0 0 0 0 0 0])
  ("properties" .
   [2 0 0 0 0 0 0 0 0 0])
  ("upstream" .
   [1 0 0 0 0 0 0 0])
  ("supplier" .
   [1 0 0 0 0 0 0 0])
  ("sequences" .
   [2 0 0 0 0 0 0 0 0])
  ("focuses" .
   [1 0 0 0 0 0 0])
  ("analytically" .
   [1 0 0 0 0 0 0 0 0 0 0 0])
  ("managerial" .
   [2 0 0 0 0 0 0 0 0 0])
  ("insights" .
   [3 0 0 0 0 0 0 0])
  ("relating" .
   [2 0 0 0 0 0 0 0])
  ("uses" .
   [1 0 0 0])
  ("theory" .
   [1 0 0 0 0 0])
  ("processes" .
   [1 0 0 0 0 0 0 0 0])
  ("analyze" .
   [1 0 0 0 0 0 0])
  ("draw" .
   [1 0 0 0])
  ("via" .
   [1 0 0])
  ("amplifications" .
   [1 0 0 0 0 0 0 0 0 0 0 0 0 0])
  ("various" .
   [1 0 0 0 0 0 0])
  ("operational" .
   [1 0 0 0 0 0 0 0 0 0 0])
  ("causes" .
   [1 0 0 0 0 0])
  ("As" .
   [2 0])
  ("special" .
   [1 0 0 0 0 0 0])
  ("multi-stage" .
   [1 0 0 0 0 0 0 0 0 0 0])
  ("chains" .
   [3 0 0 0 0 0])
  ("All" .
   [1 0 0])
  ("research" .
   [1 0 0 0 0 0 0 0])
  ("their" .
   [1 0 0 0 0])
  ("pre" .
   [1 0 0])
  ("pre-assumed" .
   [0 0 0 0 0 0 0 0 1 0 0])
  ("dominantly" .
   [0 0 0 0 0 0 1 0 0 0])
  ("linearized" .
   [1 0 0 0 0 0 0 0 0 0])
  ("compromise" .
   [1 0 0 0 0 0 0 0 0 0])
  ("supply" .
   [4 0 0 0 0 0])
  ("minbibnames=3" .
   [1 0 0 0 0 0 0 0 0 0 0 0 0])
  ("frequency" .
   [0 0 0 0 0 0 0 1 0])
  ("domain" .
   [1 0 0 0 0 0])
  ("analysis" .
   [1 0 0 0 0 0 0 0])
  ("LTI" .
   [1 0 1])
  ("recently" .
   [1 0 0 0 0 0 0 0])
  ("framework" .
   [3 0 0 0 0 0 0 0 0])
  ("conducted" .
   [1 0 0 0 0 0 0 0 0])
  ("derive" .
   [1 0 0 0 0 0])
  ("diagnose" .
   [1 0 0 0 0 0 0 0])
  ("chain" .
   [3 0 0 0 0])
  ("networks" .
   [1 0 0 0 0 0 0 0])
  ("Dynamics" .
   [1 0 0 0 0 0 0 0])
  ("Although" .
   [0 0 0 0 0 0 1 0])
  ("was" .
   [1 0 0])
  ("still" .
   [2 0 0 0 0])
  ("our" .
   [1 0 0])
  ("simulate" .
   [0 0 0 0 0 0 1 0])
  ("too" .
   [1 0 0])
  ("long" .
   [1 0 0 0])
  ("numerical" .
   [3 0 0 0 0 0 0 0 0])
  ("error" .
   [1 0 0 0 0])
  ("errors" .
   [1 0 0 0 0 0])
  ("effect" .
   [1 0 0 0 0 0])
  ("colon" .
   [0 0 0 1 0])
  ("color" .
   [3 0 0 0 0])
  ("red" .
   [4 0 0])
  ("yellow" .
   [1 0 0 0 0 0])
  ("emis-rev" .
   [1 0 0 0 0 0 0 1])
  ("compare-rev" .
   [1 0 0 0 0 0 0 0 0 0 0])
  ("blue" .
   [1 0 0 0])
  ("text" .
   [7 0 0 0])
  ("Objective" .
   [0 0 0 1 0 0 0 0 0])
  ("Function" .
   [0 0 0 0 1 0 0 0])
  ("Constraint" .
   [0 0 0 0 1 0 0 0 0 0])
  ("Problem" .
   [0 0 0 0 1 0 0])
  ("Home" .
   [4 0 0 0])
  ("heuristic" .
   [0 0 0 0 1 1 0 0 0])
  ("may" .
   [1 0 0])
  ("illustrate" .
   [0 0 0 0 0 1 0 0 0 0])
  ("hours" .
   [1 0 0 0 0])
  ("wide" .
   [0 0 0 1])
  ("width=" .
   [1 0 0 0 0 0])
  ("LT" .
   [3 0])
  ("Reservice" .
   [0 0 0 0 0 2 0 0 0])
  ("Decision" .
   [0 0 0 0 0 0 1 0])
  ("res" .
   [1 0 0])
  ("truck" .
   [2 0 0 0 0])
  ("trip" .
   [1 0 0 0])
  ("alpha=" .
   [2 0 0 0 0 0])
  ("suppliers'" .
   [1 0 0 0 0 0 0 0 0 0])
  ("dev" .
   [1 0 0])))
